1 hour completed!
Games played: 55
Average score: 31650.04
Best score: 71896
Highest tile: 4096
Average game duration: 64.82 seconds

Full Game Log:
  Game | Score | Highest Tile | Duration (s)

0	1	55388	4096	'291.08'
1	2	21752	2048	'18.87'
2	3	35692	2048	'31.13'
3	4	17044	1024	'17.20'
4	5	15060	1024	'15.07'
5	6	36604	2048	'32.41'
6	7	46596	4096	'34.94'
7	8	31440	2048	'1065.20'
8	9	71896	4096	'505.15'
9	10	27256	2048	'25.07'
10	11	16388	1024	'17.12'
11	12	16280	1024	'17.19'
12	13	36920	2048	'33.73'
13	14	58656	4096	'46.88'
14	15	27908	2048	'25.63'
15	16	34904	2048	'31.52'
16	17	16804	1024	'17.47'
17	18	27256	2048	'24.72'
18	19	16364	1024	'17.12'
19	20	39668	2048	'35.91'
20	21	16596	1024	'17.25'
21	22	60616	4096	'49.25'
22	23	25556	2048	'22.70'
23	24	27300	2048	'24.48'
24	25	10748	1024	'10.84'
25	26	16268	1024	'16.79'
26	27	34988	2048	'30.70'
27	28	35668	2048	'32.41'
28	29	36256	2048	'33.26'
29	30	35884	2048	'32.50'
30	31	28048	2048	'26.32'
31	32	27304	2048	'24.99'
32	33	36576	2048	'33.31'
33	34	30864	2048	'27.45'
34	35	15320	1024	'15.45'
35	36	39252	2048	'35.87'
36	37	36912	2048	'34.06'
37	38	35892	2048	'32.55'
38	39	14416	1024	'14.66'
39	40	10576	1024	'10.79'
40	41	18172	1024	'19.33'
41	42	37424	2048	'34.19'
42	43	22872	2048	'20.43'
43	44	32524	2048	'29.40'
44	45	34120	2048	'30.20'
45	46	14460	1024	'14.83'
46	47	32492	2048	'29.29'
47	48	27636	2048	'25.74'
48	49	38720	2048	'35.74'
49	50	71344	4096	'57.19'
50	51	69044	4096	'54.23'
51	52	34104	2048	'31.30'
52	53	12320	1024	'13.14'
53	54	36144	2048	'32.46'
54	55	34460	2048	'308.34'